3 0.124 0.490099009901 0.168 0.19801980198
3 0.168 0.655940594059 0.176 0.232673267327
3 0.286 0.462871287129 0.204 0.20297029703
3 0.35 0.653465346535 0.212 0.287128712871
3 0.446 0.769801980198 0.228 0.222772277228
3 0.48 0.472772277228 0.224 0.252475247525
3 0.326 0.180693069307 0.196 0.242574257426
3 0.332 0.336633663366 0.144 0.118811881188
3 0.718 0.596534653465 0.18 0.193069306931
3 0.546 0.606435643564 0.148 0.153465346535
3 0.902 0.564356435644 0.172 0.237623762376
3 0.538 0.235148514851 0.22 0.212871287129
3 0.636 0.158415841584 0.152 0.277227722772
3 0.736 0.108910891089 0.144 0.207920792079
